# reference temperature
298.15
# order of Cp polynomial
7
# Cp polynomial coefficients
200.0,1000.0,6000.0
-1.766850998E+05,  2.786181020E+03, -1.202577850E+01, 3.917619290E-02, -3.619054430E-05, 2.026853043E-08, -4.976705490E-12
-2.331314360E+04
 3.730042760E+06, -1.383501485E+04,  2.049107091E+01, -1.961974759E-03, 4.727313040E-07, -3.728814690E-11, 1.623737207E-15
 7.532066910E+04
-3.425563420E+04, 4.847000970E+02, 1.119010961E+00, 4.293889240E-03, -6.836300520E-07, -2.023372700E-09, 1.039040018E-12
-3.391454870E+03
-1.037939022E+06, 2.344830282E+03, 1.819732036E+00, 1.267847582E-03, -2.188067988E-07, 2.053719572E-11, -8.193467050E-16
-1.689010929E+04
4.943650540E+04, -6.264116010E+02, 5.301725240E+00, 2.503813816E-03, -2.127308728E-07, -7.689988780E-10, 2.849677801E-13
-4.528198460E+04
1.176962419E+05, -1.788791477E+03, 8.291523190E+00, -9.223156780E-05, 4.863676880E-09, -1.891053312E-12, 6.330036590E-16
-3.908350590E+04
-3.947960830E+04, 5.755731020E+02, 9.317826530E-01, 7.222712860E-03, -7.342557370E-06, 4.955043490E-09, -1.336933246E-12
-3.303974310E+04
1.034972096E+06, -2.412698562E+03, 4.646110780E+00, 2.291998307E-03, -6.836830480E-07, 9.426468930E-11, -4.822380530E-15
-1.384286509E+04
# heat of formation (J/mol)
-74600.0
0.
-393510.0
-241826.0