# transport_lowest_tem,transport_critical_tem,transport_highest_tem
300.0, 1000.0, 5000.0
# low_mu_A,low_mu_B,low_mu_C,low_mu_D
0.57388074E0, -0.98544160E2,  0.20012204E4,  0.17536015E1
0.65074534E0,  0.23936771E2, -0.22020183E5,  0.11244058E1
0.11770360E1, -0.17422121E3,  0.22865563E5, -0.55146852E0
0.49214767E0, -0.91598343E3,  0.87265127E5,  0.48489412E1
0.61936357E0, -0.44608607E2, -0.13460714E4,  0.19597562E1
0.63839563E0, -0.12344438E1, -0.22885810E5,  0.18056937E1
0.81595343E0, -0.34366856E2,  0.22785080E4,  0.10050999E1
0.80805788E0,  0.11982181E3, -0.47335931E5,  0.95189193E0
0.54330318E0, -0.18823898E3,  0.88726567E4,  0.24499362E1
0.65318879E0,  0.51738759E2, -0.62834882E5,  0.15227045E1
0.53726173E0, -0.49928331E3,  0.37397504E5,  0.32903619E1
0.66068182E0, -0.12741845E3, -0.81580328E5,  0.21817907E1
0.78387780E0, -0.38260408E3,  0.49040158E5,  0.85222785E0
0.50714993E0, -0.68966913E3,  0.87454750E5,  0.30285155E1
0.15541443E1,  0.66106305E2,  0.55969886E4, -0.39259598E1
0.79349503E0, -0.13340063E4,  0.37864327E6,  0.23591474E1